batch_size:    128
epochs:        20
learning_rate: 4.749974771378411e-05
weight_decay:  0.019871568153417243
lr_scheduler:  linear
warmup_ratio:  0.00110442342472048
patience:      3
ckpt_monitor:  loss